Method
state
delta_true
delta_nomial
gamma
sigma_square_true
size_rate
pilot_press
beta
Real_Percent
Fake_Percent
N
N_star
Common_use
strict
0.22314355131421
0.243942379343327
1.1
0.25
0.5
0.25
0.2
0.90327
0.00255
302
152
Wang_old
strict
0.22314355131421
0.243942379343327
1.1
0.25
0.5
0.25
0.2
0.96083
0.00625
302
152
Wang_pool
strict
0.22314355131421
0.243942379343327
1.1
0.25
0.5
0.25
0.2
0.9652
0.02529
302
152
Wang
strict
0.22314355131421
0.243942379343327
1.1
0.25
0.5
0.25
0.2
0.99485
0.05071
302
152
Common_use
strict
0.22314355131421
0.225556859207616
1.1
0.25
0.5
0.25
0.3
0.90132
0.00274
302
152
Common_use
strict
0.22314355131421
-0.0540204838579394
1.1
0.25
0.5
0.25
0.2
4e-05
1e-05
16
12
Wang_old
strict
0.22314355131421
-0.0540204838579394
1.1
0.25
0.5
0.25
0.2
9e-05
5e-05
16
12
Wang_pool
strict
0.22314355131421
-0.0540204838579394
1.1
0.25
0.5
0.25
0.2
0.0032
0.00083
16
12
Wang
strict
0.22314355131421
-0.0540204838579394
1.1
0.25
0.5
0.25
0.2
0.00485
0.00273
16
12
Common_use
strict
0.22314355131421
-0.0679146930950629
1.1
0.25
0.5
0.25
0.3
2e-05
1e-05
18
12
Wang_old
strict
0.22314355131421
-0.0679146930950629
1.1
0.25
0.5
0.25
0.3
0.00021
2e-05
18
12
Wang_pool
strict
0.22314355131421
-0.0679146930950629
1.1
0.25
0.5
0.25
0.3
0.00525
0.0013
18
12
Wang
strict
0.22314355131421
-0.0679146930950629
1.1
0.25
0.5
0.25
0.3
0.00794
0.00395
18
12
Common_use
strict
0.22314355131421
-0.0610761158708286
1.1
0.25
0.5
0.25
0.4
0.00022
0
26
14
Wang_old
strict
0.22314355131421
-0.0610761158708286
1.1
0.25
0.5
0.25
0.4
0.00282
0.00047
26
14
Wang_pool
strict
0.22314355131421
-0.0610761158708286
1.1
0.25
0.5
0.25
0.4
0.0244
0.00458
26
14
Wang
strict
0.22314355131421
-0.0610761158708286
1.1
0.25
0.5
0.25
0.4
0.03879
0.01282
26
14
Common_use
strict
0.22314355131421
-0.0798365228096022
1.1
0.25
0.5
0.25
0.5
0.00251
0.00024
36
20
Wang_old
strict
0.22314355131421
-0.0798365228096022
1.1
0.25
0.5
0.25
0.5
0.02446
0.00207
36
20
Wang_pool
strict
0.22314355131421
-0.0798365228096022
1.1
0.25
0.5
0.25
0.5
0.08864
0.00974
36
20
Wang
strict
0.22314355131421
-0.0798365228096022
1.1
0.25
0.5
0.25
0.5
0.16005
0.03235
36
20
Common_use
strict
0.22314355131421
-0.0471142226592934
1.1
0.25
0.5
0.25
0.6
0.03881
0.00115
58
30
Wang_old
strict
0.22314355131421
-0.0471142226592934
1.1
0.25
0.5
0.25
0.6
0.17827
0.00518
58
30
Wang_pool
strict
0.22314355131421
-0.0471142226592934
1.1
0.25
0.5
0.25
0.6
0.31072
0.02022
58
30
Wang
strict
0.22314355131421
-0.0471142226592934
1.1
0.25
0.5
0.25
0.6
0.47203
0.04888
58
30
Common_use
strict
0.22314355131421
-0.0973333511968998
1.1
0.25
0.5
0.25
0.7
0.03818
0.001
58
30
Wang_old
strict
0.22314355131421
-0.0973333511968998
1.1
0.25
0.5
0.25
0.7
0.1784
0.0054
58
30
Wang_pool
strict
0.22314355131421
-0.0973333511968998
1.1
0.25
0.5
0.25
0.7
0.30868
0.01984
58
30
Wang
strict
0.22314355131421
-0.0973333511968998
1.1
0.25
0.5
0.25
0.7
0.47459
0.04772
58
30
Common_use
strict
0.22314355131421
-0.0365933531042791
1.1
0.25
0.5
0.25
0.8
0.33565
0.00256
106
54
Wang_old
strict
0.22314355131421
-0.0365933531042791
1.1
0.25
0.5
0.25
0.8
0.53533
0.00569
106
54
Wang_pool
strict
0.22314355131421
-0.0365933531042791
1.1
0.25
0.5
0.25
0.8
0.65681
0.02546
106
54
Wang
strict
0.22314355131421
-0.0365933531042791
1.1
0.25
0.5
0.25
0.8
0.79305
0.05081
106
54
Common_use
strict
0.22314355131421
-0.0523561349095482
1.1
0.25
0.5
0.25
0.9
0.42698
0.00271
120
62
Wang_old
strict
0.22314355131421
-0.0523561349095482
1.1
0.25
0.5
0.25
0.9
0.61435
0.00595
120
62
Wang_pool
strict
0.22314355131421
-0.0523561349095482
1.1
0.25
0.5
0.25
0.9
0.71603
0.02528
120
62
Wang
strict
0.22314355131421
-0.0523561349095482
1.1
0.25
0.5
0.25
0.9
0.83771
0.05009
120
62
Common_use
strict
0.22314355131421
-0.0190909223218084
1.1
0.25
0.5
0.25
1
0.71386
0.00237
188
96
Wang_old
strict
0.22314355131421
-0.0190909223218084
1.1
0.25
0.5
0.25
1
0.8376
0.00608
188
96
Wang_pool
strict
0.22314355131421
-0.0190909223218084
1.1
0.25
0.5
0.25
1
0.87696
0.02525
188
96
Wang
strict
0.22314355131421
-0.0190909223218084
1.1
0.25
0.5
0.25
1
0.95325
0.05019
188
96
Common_use
strict
0.22314355131421
-0.0626851573433648
1.1
0.25
0.5
0.25
0.2
3e-05
0
16
12
Wang_old
strict
0.22314355131421
-0.0626851573433648
1.1
0.25
0.5
0.25
0.2
3e-05
2e-05
16
12
Wang_pool
strict
0.22314355131421
-0.0626851573433648
1.1
0.25
0.5
0.25
0.2
0.00345
0.00092
16
12
Wang
strict
0.22314355131421
-0.0626851573433648
1.1
0.25
0.5
0.25
0.2
0.00468
0.00279
16
12
Common_use
strict
0.22314355131421
-0.075510080880837
1.1
0.25
0.5
0.25
0.3
5e-05
0
16
12
Wang_old
strict
0.22314355131421
-0.075510080880837
1.1
0.25
0.5
0.25
0.3
0.00013
4e-05
16
12
Wang_pool
strict
0.22314355131421
-0.075510080880837
1.1
0.25
0.5
0.25
0.3
0.00324
0.00088
16
12
Wang
strict
0.22314355131421
-0.075510080880837
1.1
0.25
0.5
0.25
0.3
0.00442
0.00255
16
12
Common_use
strict
0.22314355131421
-0.0711823667707181
1.1
0.25
0.5
0.25
0.4
0.00021
3e-05
26
14
Wang_old
strict
0.22314355131421
-0.0711823667707181
1.1
0.25
0.5
0.25
0.4
0.00258
0.00045
26
14
Wang_pool
strict
0.22314355131421
-0.0711823667707181
1.1
0.25
0.5
0.25
0.4
0.0236
0.0043
26
14
Wang
strict
0.22314355131421
-0.0711823667707181
1.1
0.25
0.5
0.25
0.4
0.0391
0.01289
26
14
Common_use
strict
0.22314355131421
-0.0446138967364099
1.1
0.25
0.5
0.25
0.5
0.00548
0.00041
42
22
Wang_old
strict
0.22314355131421
-0.0446138967364099
1.1
0.25
0.5
0.25
0.5
0.05304
0.00343
42
22
Wang_pool
strict
0.22314355131421
-0.0446138967364099
1.1
0.25
0.5
0.25
0.5
0.14148
0.01323
42
22
Wang
strict
0.22314355131421
-0.0446138967364099
1.1
0.25
0.5
0.25
0.5
0.25501
0.04091
42
22
Common_use
strict
0.22314355131421
-0.0913443977299161
1.1
0.25
0.5
0.25
0.6
0.01028
0.00034
46
24
Wang_old
strict
0.22314355131421
-0.0913443977299161
1.1
0.25
0.5
0.25
0.6
0.07927
0.00384
46
24
Wang_pool
strict
0.22314355131421
-0.0913443977299161
1.1
0.25
0.5
0.25
0.6
0.18332
0.01632
46
24
Wang
strict
0.22314355131421
-0.0913443977299161
1.1
0.25
0.5
0.25
0.6
0.31793
0.04481
46
24
Common_use
strict
0.22314355131421
-0.022670807023385
1.1
0.25
0.5
0.25
0.7
0.25468
0.00255
92
48
Wang_old
strict
0.22314355131421
-0.022670807023385
1.1
0.25
0.5
0.25
0.7
0.44835
0.00553
92
48
Wang_pool
strict
0.22314355131421
-0.022670807023385
1.1
0.25
0.5
0.25
0.7
0.58746
0.02441
92
48
Wang
strict
0.22314355131421
-0.022670807023385
1.1
0.25
0.5
0.25
0.7
0.72898
0.05002
92
48
Common_use
strict
0.22314355131421
-0.0422988771098524
1.1
0.25
0.5
0.25
0.8
0.31216
0.00219
102
52
Wang_old
strict
0.22314355131421
-0.0422988771098524
1.1
0.25
0.5
0.25
0.8
0.51031
0.00623
102
52
Wang_pool
strict
0.22314355131421
-0.0422988771098524
1.1
0.25
0.5
0.25
0.8
0.63589
0.02476
102
52
Wang
strict
0.22314355131421
-0.0422988771098524
1.1
0.25
0.5
0.25
0.8
0.77355
0.04991
102
52
Common_use
strict
0.22314355131421
-0.0721681198113616
1.1
0.25
0.5
0.25
0.9
0.33481
0.00237
104
54
Wang_old
strict
0.22314355131421
-0.0721681198113616
1.1
0.25
0.5
0.25
0.9
0.52528
0.00577
104
54
Wang_pool
strict
0.22314355131421
-0.0721681198113616
1.1
0.25
0.5
0.25
0.9
0.64907
0.02537
104
54
Wang
strict
0.22314355131421
-0.0721681198113616
1.1
0.25
0.5
0.25
0.9
0.7815
0.05115
104
54
Common_use
strict
0.22314355131421
-0.0585784346362593
1.1
0.25
0.5
0.25
1
0.53639
0.00241
140
72
Wang_old
strict
0.22314355131421
-0.0585784346362593
1.1
0.25
0.5
0.25
1
0.70163
0.00551
140
72
Wang_pool
strict
0.22314355131421
-0.0585784346362593
1.1
0.25
0.5
0.25
1
0.78083
0.0252
140
72
Wang
strict
0.22314355131421
-0.0585784346362593
1.1
0.25
0.5
0.25
1
0.88685
0.05009
140
72
Common_use
strict
0.22314355131421
-0.0430279067433352
1.1
0.25
0.5
0.25
0.2
2e-05
0
16
12
Wang_old
strict
0.22314355131421
-0.0430279067433352
1.1
0.25
0.5
0.25
0.2
8e-05
2e-05
16
12
Wang_pool
strict
0.22314355131421
-0.0430279067433352
1.1
0.25
0.5
0.25
0.2
0.00349
0.00092
16
12
Wang
strict
0.22314355131421
-0.0430279067433352
1.1
0.25
0.5
0.25
0.2
0.00459
0.00274
16
12
Common_use
strict
0.22314355131421
-0.0754749353378879
1.1
0.25
0.5
0.25
0.3
2e-05
1e-05
16
12
Wang_old
strict
0.22314355131421
-0.0754749353378879
1.1
0.25
0.5
0.25
0.3
9e-05
4e-05
16
12
Wang_pool
strict
0.22314355131421
-0.0754749353378879
1.1
0.25
0.5
0.25
0.3
0.00281
0.00111
16
12
Wang
strict
0.22314355131421
-0.0754749353378879
1.1
0.25
0.5
0.25
0.3
0.00477
0.0024
16
12
Common_use
strict
0.22314355131421
-0.0608288690671788
1.1
0.25
0.5
0.25
0.4
0.00019
6e-05
26
14
Wang_old
strict
0.22314355131421
-0.0608288690671788
1.1
0.25
0.5
0.25
0.4
0.00272
0.00025
26
14
Wang_pool
strict
0.22314355131421
-0.0608288690671788
1.1
0.25
0.5
0.25
0.4
0.0237
0.00391
26
14
Wang
strict
0.22314355131421
-0.0608288690671788
1.1
0.25
0.5
0.25
0.4
0.0398
0.01275
26
14
Common_use
strict
0.22314355131421
-0.0513745180852788
1.1
0.25
0.5
0.25
0.5
0.00496
0.00021
40
22
Wang_old
strict
0.22314355131421
-0.0513745180852788
1.1
0.25
0.5
0.25
0.5
0.04317
0.00285
40
22
Wang_pool
strict
0.22314355131421
-0.0513745180852788
1.1
0.25
0.5
0.25
0.5
0.12737
0.01289
40
22
Wang
strict
0.22314355131421
-0.0513745180852788
1.1
0.25
0.5
0.25
0.5
0.22597
0.03877
40
22
Common_use
strict
0.22314355131421
-0.0343403172564542
1.1
0.25
0.5
0.25
0.6
0.0715
0.00123
64
34
Wang_old
strict
0.22314355131421
-0.0343403172564542
1.1
0.25
0.5
0.25
0.6
0.23048
0.00593
64
34
Wang_pool
strict
0.22314355131421
-0.0343403172564542
1.1
0.25
0.5
0.25
0.6
0.37472
0.02192
64
34
Wang
strict
0.22314355131421
-0.0343403172564542
1.1
0.25
0.5
0.25
0.6
0.52983
0.04954
64
34
Common_use
strict
0.22314355131421
-0.0582571744105093
1.1
0.25
0.5
0.25
0.7
0.1178
0.00209
72
38
Wang_old
strict
0.22314355131421
-0.0582571744105093
1.1
0.25
0.5
0.25
0.7
0.29862
0.00582
72
38
Wang_pool
strict
0.22314355131421
-0.0582571744105093
1.1
0.25
0.5
0.25
0.7
0.44931
0.0235
72
38
Wang
strict
0.22314355131421
-0.0582571744105093
1.1
0.25
0.5
0.25
0.7
0.59858
0.04937
72
38
Common_use
strict
0.22314355131421
-0.0467269278244176
1.1
0.25
0.5
0.25
0.8
0.30505
0.00238
100
52
Wang_old
strict
0.22314355131421
-0.0467269278244176
1.1
0.25
0.5
0.25
0.8
0.50333
0.00566
100
52
Wang_pool
strict
0.22314355131421
-0.0467269278244176
1.1
0.25
0.5
0.25
0.8
0.63022
0.025
100
52
Wang
strict
0.22314355131421
-0.0467269278244176
1.1
0.25
0.5
0.25
0.8
0.76557
0.04975
100
52
Common_use
strict
0.22314355131421
-0.0659555669950167
1.1
0.25
0.5
0.25
0.9
0.3607
0.00232
110
56
Wang_old
strict
0.22314355131421
-0.0659555669950167
1.1
0.25
0.5
0.25
0.9
0.55524
0.00623
110
56
Wang_pool
strict
0.22314355131421
-0.0659555669950167
1.1
0.25
0.5
0.25
0.9
0.67573
0.02637
110
56
Wang
strict
0.22314355131421
-0.0659555669950167
1.1
0.25
0.5
0.25
0.9
0.80511
0.04933
110
56
Common_use
strict
0.22314355131421
-0.055009613091513
1.1
0.25
0.5
0.25
1
0.55131
0.00246
144
74
Wang_old
strict
0.22314355131421
-0.055009613091513
1.1
0.25
0.5
0.25
1
0.71701
0.0058
144
74
Wang_pool
strict
0.22314355131421
-0.055009613091513
1.1
0.25
0.5
0.25
1
0.7946
0.02581
144
74
Wang
strict
0.22314355131421
-0.055009613091513
1.1
0.25
0.5
0.25
1
0.89437
0.04958
144
74
Common_use
strict
0.22314355131421
-0.0730864915642097
1.1
0.25
0.5
0.25
0.2
6e-05
0
16
12
Wang_old
strict
0.22314355131421
-0.0730864915642097
1.1
0.25
0.5
0.25
0.2
1e-04
3e-05
16
12
Wang_pool
strict
0.22314355131421
-0.0730864915642097
1.1
0.25
0.5
0.25
0.2
0.0032
0.00084
16
12
Wang
strict
0.22314355131421
-0.0730864915642097
1.1
0.25
0.5
0.25
0.2
0.00485
0.00272
16
12
Common_use
strict
0.22314355131421
-0.0396432514319499
1.1
0.25
0.5
0.25
0.3
0.00012
2e-05
20
12
Wang_old
strict
0.22314355131421
-0.0396432514319499
1.1
0.25
0.5
0.25
0.3
0.00042
8e-05
20
12
Wang_pool
strict
0.22314355131421
-0.0396432514319499
1.1
0.25
0.5
0.25
0.3
0.00795
0.00207
20
12
Wang
strict
0.22314355131421
-0.0396432514319499
1.1
0.25
0.5
0.25
0.3
0.01142
0.00521
20
12
